ID	DoC	How	APP	Wat	Age	Sex	Inc	Reg
3887201482	1	1	1	1	1	1	1	1
3887159451	1	1	1	1	2	1	2	2
3887152228	1	1	1	1	1	1	3	3
3887145426	1	1	1	2	1	1	2	2
3887021873	1	2	2	1	1	1	4	3
3886937140	1	2	3	2	2	1	3	4
3886923931	1	3	1	3	1	1	5	4
3886913587	1	4	1	4	3	2	6	2
3886889048	1	3	1	1	1	1	2	5
3886848806	1	1	1	1	1	1	4	6
3886782609	2	5	1	5	2	1	7	5
3886416355	2	1	1	2	1	1	3	7
3886356706	2	4	1	4	3	2	6	2
3886328736	1	6	1	1	1	1	7	3
3886284495	2	3	1	3	2	1	8	3
3886283555	1	5	1	2	2	1	9	3
3886272525	1	1	1	1	1	1	8	8
3886261814	1	2	4	1	1	1	5	3
3886258514	1	6	1	3	1	3	5	4
3886256409	2	1	1	1	2	1	5	1
3886226091	1	1	1	5	2	1	5	1
3886201383	1	6	1	1	1	1	4	4
3886197152	1	3	1	3	1	1	2	8
3886132282	1	1	1	1	1	1	5	7
3886121810	2	4	1	4	3	2	6	2
3886114640	1	2	5	3	1	1	9	3
3886112493	1	1	1	1	2	1	8	7
3886110900	1	6	1	2	1	1	5	9
3886102001	1	3	1	1	4	3	10	8
3886098922	2	7	1	3	2	1	7	6
3886095863	1	3	1	5	4	3	8	7
3886067670	1	8	1	2	1	1	5	3
3886043003	2	1	1	2	2	1	7	6
3886040050	1	5	1	1	2	1	7	10
3886031017	1	1	1	1	5	3	1	1
3886019381	2	5	1	2	2	1	9	5
3886018765	1	1	1	1	2	1	1	4
3886007951	1	2	6	1	1	1	5	8
3885984891	1	1	1	1	4	3	1	5
3885983629	1	3	1	1	5	1	2	1
3885983248	1	3	1	1	1	1	2	3
3885969840	1	5	1	1	1	1	10	1
3885965613	1	6	1	2	5	1	4	9
3885944544	1	1	1	1	1	1	3	3
3885928568	1	6	1	1	2	1	3	9
3885927684	2	1	1	2	1	1	5	1
3885872237	2	3	1	2	1	1	8	1
3885869392	1	2	7	2	2	1	1	4
3885838101	1	5	1	1	2	1	8	5
3885835130	1	5	1	2	2	1	8	1
3885824482	1	3	1	3	5	1	3	4
3885821034	1	1	1	1	5	1	2	7
3885802164	2	8	1	3	1	1	1	3
3885791607	2	6	1	5	1	1	10	3
3885773515	1	1	1	2	1	1	8	5
3885691247	1	5	1	5	1	1	2	4
3885688258	1	2	8	1	2	1	5	4
3885687708	1	5	1	3	1	1	11	7
3885683872	1	6	1	2	1	1	2	3
3885652370	1	5	1	2	1	1	1	6
3885637949	2	5	1	1	2	1	8	2
3885625628	1	1	1	1	1	1	9	6
3885602270	1	1	1	3	2	1	12	7
3885570360	2	8	1	5	1	1	12	1
3885569498	1	2	9	2	1	1	9	1
3885540601	1	2	10	1	2	1	7	1
3885539632	1	3	1	3	2	1	8	7
3885525146	1	1	1	1	2	1	10	5
3885512170	1	9	1	5	1	1	5	5
3885497220	1	2	11	2	2	1	8	5
3885496201	1	8	1	3	1	1	7	2
3885404319	1	1	1	1	1	1	5	4
3885304775	1	1	1	1	1	1	1	3
3885296722	1	2	12	1	1	1	8	3
3885275206	1	4	1	4	3	2	6	2
3885247252	2	6	1	2	1	1	4	7
3885195077	1	2	13	1	2	1	7	1
3885174420	1	5	1	2	5	1	11	7
3885164782	1	1	1	1	1	1	12	3
3885139533	1	1	1	1	1	1	10	9
3885123066	1	3	1	3	2	1	2	9
3885040099	1	2	14	2	1	1	3	6
3885026185	2	1	1	2	1	1	9	5
3884998535	1	2	15	3	1	1	12	5
3884960044	1	1	1	2	2	1	3	1
3884902653	2	1	1	1	2	1	5	8
3884859930	1	6	1	5	1	1	8	4
3884813859	2	5	1	3	2	1	7	5
3884790873	1	1	1	1	2	1	7	6
3884694722	1	3	1	1	2	1	3	9
3884500697	1	3	1	3	2	1	5	1
3883994422	1	8	1	1	2	1	7	10
3883947693	2	5	1	2	2	1	2	5
3883852529	2	8	1	5	2	1	9	5
3883822504	1	2	6	2	2	1	7	4
3883792972	1	3	1	3	1	1	2	4
3883744850	1	1	1	2	2	1	1	4
3883706735	2	1	1	5	2	1	2	5
3883706220	1	5	1	2	2	1	2	9
3883591931	1	2	16	1	1	1	4	1
3883449927	2	6	1	3	2	1	7	5
3883423513	2	5	1	2	2	1	8	8
3883400954	1	1	1	1	1	1	10	1
3883396110	2	9	1	2	2	1	1	2
3883373140	1	6	1	2	1	1	8	9
3883347727	1	1	1	5	1	1	3	9
3883237358	2	3	1	3	2	1	1	3
3883013307	1	1	1	2	2	1	8	1
3882981067	2	1	1	2	1	1	1	5
3882953969	1	1	1	3	1	1	9	8
3882828486	1	5	1	3	1	1	1	4
3882734383	1	2	17	1	1	1	1	7
3882036173	1	5	1	1	1	1	3	5
3882027944	1	2	18	2	1	1	8	6
3882024847	1	5	1	1	4	1	12	8
3881999864	1	2	19	1	4	1	9	1
3881965206	2	5	1	2	2	1	9	1
3881590664	1	2	20	3	1	1	9	7
3881586024	1	5	1	3	4	1	4	1
3881268852	1	5	1	2	2	1	2	2
3881207655	1	1	1	2	4	1	5	5
3881152975	2	2	12	2	4	1	10	5
3881043805	1	3	1	2	4	1	5	1
3880998411	1	1	1	1	4	1	1	3
3880901650	1	5	1	3	4	1	9	1
3880901309	1	3	1	3	4	1	8	8
3880839674	1	5	1	2	4	1	10	5
3880831944	1	1	1	3	4	1	5	7
3880760866	1	7	1	1	4	1	7	1
3880684514	1	3	1	1	4	1	5	3
3880658899	1	2	21	1	4	1	12	8
3880648847	1	6	1	3	4	1	7	7
3880644828	1	8	1	2	2	1	2	5
3880589507	1	2	22	3	4	1	9	5
3880580324	1	2	23	1	4	1	4	1
3880574320	1	6	1	2	4	1	9	1
3880465916	2	5	1	5	1	1	7	6
3880464921	2	3	1	2	1	1	9	1
3880459984	1	1	1	2	4	1	1	4
3880448211	1	1	1	1	4	1	11	3
3880441785	1	2	24	1	4	1	1	1
3880438117	1	2	25	5	4	1	3	7
3880436782	1	7	1	3	4	1	10	1
3880427365	1	2	26	3	4	1	10	9
3880377127	2	5	1	2	4	1	12	5
3880323654	1	6	1	3	4	1	12	4
3880319089	2	2	27	2	2	1	1	1
3880303554	1	2	28	1	4	1	4	7
3880299725	1	2	29	5	4	1	1	7
3880256330	1	1	1	2	4	1	3	5
3880230736	1	3	1	3	4	1	4	1
3880219305	2	5	1	2	4	1	3	5
3880210450	1	3	1	1	4	1	3	5
3880208319	1	5	1	2	1	1	3	4
3880187634	1	5	1	3	4	1	8	5
3880162442	1	1	1	2	2	1	2	3
3880131987	1	1	1	2	4	1	4	5
3880129691	1	1	1	1	4	1	12	1
3880099657	1	6	1	3	4	1	2	8
3880086571	1	1	1	1	4	1	4	5
3880033304	1	6	1	1	2	1	7	3
3879970050	1	1	1	1	2	3	2	1
3879946254	1	3	1	1	4	1	1	7
3879934990	2	6	1	3	4	1	3	7
3879902865	1	8	1	3	4	1	9	3
3879887212	1	1	1	1	4	1	11	5
3879876964	2	8	1	2	2	1	7	1
3879874372	1	6	1	1	4	1	10	4
3879823141	1	3	1	3	4	1	10	5
3879815451	2	7	1	2	4	1	9	3
3879622928	1	3	1	3	2	1	3	6
3879622165	1	3	1	2	4	1	8	3
3879618163	1	2	7	1	4	1	5	7
3879505742	2	1	1	2	4	1	3	1
3879492127	1	5	1	2	2	1	1	10
3879466790	2	9	1	1	2	1	2	2
3879405493	2	1	1	2	4	1	12	5
3879399705	2	3	1	2	1	1	1	8
3879387300	1	1	1	3	4	1	10	9
3879361333	1	2	30	1	4	1	5	4
3879332676	1	2	31	1	4	1	9	7
3879327814	1	2	32	2	4	1	2	9
3879326602	1	1	1	1	4	1	3	7
3879325675	2	7	1	3	2	1	2	2
3879323844	1	3	1	2	4	1	5	5
3879315853	1	3	1	2	4	1	9	6
3879274139	1	6	1	2	5	3	3	7
3879266798	1	3	1	1	5	3	9	7
3879261981	1	3	1	1	5	3	2	1
3879258283	1	5	1	1	5	3	1	9
3879248890	1	2	33	1	5	3	1	6
3879245036	1	2	34	1	5	3	3	5
3879210502	1	5	1	2	4	1	1	4
3879207640	1	3	1	2	4	1	5	1
3879205854	1	1	1	3	2	1	3	9
3879196296	1	6	1	1	5	3	1	1
3879194705	1	1	1	1	4	1	8	8
3879189511	1	1	1	1	1	1	3	1
3879186514	1	6	1	1	5	3	2	4
3879159385	1	1	1	1	5	3	1	8
3879157578	2	6	1	2	1	1	5	7
3879152338	2	1	1	2	1	1	12	1
3879139489	1	9	1	3	5	3	9	4
3879106766	1	1	1	1	5	1	7	3
3879102520	1	6	1	1	4	1	1	7
3879102450	1	3	1	2	5	3	9	10
3879094933	1	5	1	1	4	1	1	7
3879090979	1	1	1	2	5	1	10	9
3879055766	1	2	35	3	4	1	12	3
3879048742	1	1	1	2	4	1	2	1
3879043041	1	6	1	5	5	3	9	7
3879024100	1	8	1	1	5	1	3	6
3879022427	1	2	36	3	5	3	5	7
3879018623	1	3	1	2	5	3	3	3
3879014394	1	2	37	5	5	1	1	3
3878997264	1	2	38	1	5	1	10	3
3878995654	1	5	1	3	4	1	11	3
3878993313	1	6	1	3	5	3	3	4
3878975679	1	6	1	5	5	3	8	1
3878973380	1	3	1	1	4	1	9	10
3878972273	1	1	1	3	4	1	3	3
3878971737	1	3	1	1	5	3	1	9
3878964663	1	8	1	5	5	3	9	3
3878957212	2	6	1	3	4	1	9	1
3878949789	1	2	6	2	5	1	12	3
3878945643	1	6	1	2	5	1	5	3
3878940858	1	6	1	5	5	1	7	2
3878922314	1	1	1	5	4	1	11	7
3878908574	1	3	1	1	4	1	11	6
3878851367	1	5	1	1	5	3	2	7
3878801345	1	6	1	1	5	1	3	1
3878776250	1	6	1	3	5	1	2	1
3878773688	1	1	1	1	4	1	1	7
3878724412	1	5	1	3	4	1	3	4
3878675581	1	1	1	1	2	1	8	3
3878672825	1	2	29	2	1	3	3	5
3878664404	1	9	1	1	5	1	1	5
3878664002	1	2	39	5	5	1	5	7
3878617605	2	8	1	3	4	1	2	5
3878604937	2	5	1	2	4	1	3	3
3878604458	1	6	1	2	1	3	7	10
3878594142	2	7	1	3	1	3	8	2
3878581130	1	6	1	2	5	3	9	7
3878580386	1	1	1	2	1	3	8	5
3878574698	1	2	40	3	1	3	8	5
3878562127	2	6	1	3	5	1	2	5
3878555115	1	2	25	2	1	3	2	5
3878547877	2	5	1	5	5	3	1	5
3878539231	2	5	1	2	4	1	3	1
3878537531	2	1	1	3	5	1	2	5
3878536105	1	2	41	2	1	3	8	5
3878534855	1	7	1	3	5	3	3	5
3878533095	1	1	1	1	1	3	7	6
3878527607	2	1	1	5	5	3	1	5
3878526543	1	2	42	1	5	1	10	3
3878522121	1	3	1	3	4	1	5	3
3878521585	2	2	43	5	1	3	8	5
3878520921	1	1	1	1	5	3	11	5
3878517202	1	5	1	2	5	3	1	7
3878516380	1	2	44	2	1	3	2	2
3878513419	2	1	1	3	5	1	2	5
3878510837	2	1	1	3	1	3	5	5
3878488034	1	1	1	1	5	1	3	5
3878487715	1	7	1	2	5	3	2	5
3878487142	2	5	1	3	5	3	3	6
3878483534	2	5	1	2	5	1	2	5
3878479362	1	3	1	1	1	3	1	5
3878466821	1	2	45	1	5	3	2	5
3878465693	1	1	1	1	1	3	2	8
3878464503	1	7	1	3	5	3	4	5
3878462883	2	6	1	2	1	1	2	5
3878450038	1	6	1	3	5	1	2	4
3878449625	2	6	1	3	1	3	8	5
3878445660	1	6	1	1	4	1	5	5
3878443579	1	5	1	2	4	1	3	5
3878436241	2	5	1	5	5	3	12	5
3878436018	1	5	1	1	2	1	5	5
3878432043	1	1	1	2	1	3	8	1
3878431247	1	3	1	1	5	3	5	5
3878426886	1	3	1	5	1	3	3	4
3878426515	1	6	1	3	5	1	1	9
3878425988	2	5	1	5	5	3	2	5
3878424879	1	6	1	3	5	1	8	8
3878417014	1	5	1	1	5	3	9	7
3878413474	1	5	1	1	1	3	2	1
3878409427	2	1	1	1	1	3	5	1
3878405540	2	5	1	5	5	1	1	1
3878404884	1	3	1	1	5	1	8	3
3878404363	2	1	1	1	5	3	11	1
3878404022	1	1	1	1	1	3	4	3
3878401700	1	6	1	2	5	3	5	6
3878398785	1	1	1	2	1	3	3	1
3878396691	1	6	1	3	1	1	9	6
3878392986	2	7	1	1	5	3	8	3
3878388646	1	2	46	1	5	3	8	5
3878386420	2	3	1	3	2	1	7	5
3878381396	1	2	47	3	5	1	1	5
3878370379	1	1	1	2	2	1	12	1
3878365414	1	6	1	3	5	1	1	4
3878359420	2	5	1	5	4	1	1	1
3878352834	1	1	1	3	4	1	9	5
3878349775	1	6	1	3	5	1	9	5
3878349239	1	3	1	1	5	1	2	1
3878348366	2	8	1	3	5	3	2	3
3878348238	1	5	1	1	4	1	3	1
3878345997	1	1	1	1	5	1	3	1
3878345589	1	1	1	1	5	1	1	3
3878340200	2	6	1	1	4	1	3	7
3878340018	1	2	48	1	1	3	9	3
3878339582	2	3	1	5	5	1	12	8
3878339411	1	2	45	1	5	3	3	5
3878337550	1	2	49	3	5	1	3	7
3878336326	2	5	1	1	1	3	2	5
3878335390	2	1	1	2	5	3	2	5
3878332804	1	1	1	2	1	3	5	7
3878331425	1	2	50	2	4	1	1	1
3878324728	2	5	1	3	2	1	11	4
3878324500	1	5	1	2	5	3	2	3
3878319761	1	2	51	2	5	3	4	1
3878319271	1	5	1	2	5	3	5	7
3878317738	1	6	1	3	5	1	1	5
3878317474	2	3	1	2	5	1	3	5
3878317326	1	6	1	3	1	3	1	4
3878316445	2	3	1	3	5	3	2	8
3878315845	1	6	1	1	4	3	1	8
3878315601	1	2	52	1	4	3	2	9
3878313074	1	8	1	5	5	3	2	1
3878312380	1	1	1	2	5	1	8	10
3878311826	2	5	1	3	5	1	5	2
3878311562	1	1	1	1	1	3	5	1
3878310702	1	8	1	2	5	3	1	1
3878310569	2	7	1	3	5	3	10	5
3878309530	1	2	14	1	4	1	5	1
3878302658	2	8	1	1	5	3	5	5
3878296951	2	3	1	2	5	3	9	1
3878296336	1	6	1	5	5	3	3	3
3878295740	1	1	1	1	5	3	1	7
3878293399	1	3	1	2	1	3	10	7
3878293163	1	3	1	3	5	1	1	1
3878291970	1	6	1	2	4	3	2	8
3878286381	1	7	1	5	5	3	12	9
3878284921	1	6	1	1	1	3	10	9
3878284808	1	5	1	3	4	1	2	5
3878280708	1	8	1	2	5	3	5	10
3878278676	1	3	1	1	5	3	10	1
3878278488	1	6	1	2	5	1	10	3
3878278271	1	5	1	3	4	1	2	10
3878277161	1	2	45	1	5	1	10	9
3878275261	1	8	1	5	4	3	9	3
3878274622	1	5	1	5	4	3	9	10
3878270558	1	6	1	5	5	3	5	4
3878270404	2	1	1	3	1	3	3	7
3878269619	1	9	1	2	4	3	11	1
3878269540	1	1	1	3	1	3	2	1
3878268976	1	3	1	1	1	3	1	7
3878267217	1	6	1	1	4	3	5	4
3878263834	1	5	1	1	5	1	10	5
3878263694	1	1	1	3	5	3	2	7
3878262512	1	2	53	1	4	1	9	10
3878261302	2	2	54	3	4	3	4	7
3878259660	1	3	1	1	4	3	1	8
3878256328	1	6	1	1	4	3	7	10
3878255469	1	2	55	2	1	3	5	7
3878255097	2	1	1	5	4	3	3	6
3878253341	1	1	1	2	1	3	1	8
3878252826	1	2	56	2	5	3	3	5
3878251387	1	3	1	1	1	3	8	10
3878251359	2	6	1	1	4	3	7	5
3878249188	1	6	1	1	1	3	5	5
3878248250	1	1	1	1	1	3	3	7
3878247540	1	1	1	3	1	3	1	7
3878244194	1	6	1	1	4	1	3	1
3878243755	1	1	1	1	1	3	1	3
3878242397	1	1	1	3	5	3	5	6
3878239927	1	8	1	2	5	1	1	5
3878238124	2	6	1	1	5	1	1	8
3878228000	1	5	1	1	4	3	5	7
3878227923	1	3	1	1	4	1	3	1
3878226107	1	6	1	2	4	3	5	5
3878225639	1	6	1	3	5	3	4	7
3878225361	1	6	1	1	4	3	3	7
3878224262	1	1	1	3	4	3	2	7
3878223377	2	2	57	2	4	3	4	5
3878219443	1	6	1	1	5	3	12	3
3878215557	1	6	1	2	4	3	9	7
3878215555	1	6	1	1	4	3	3	1
3878209275	1	3	1	1	4	1	8	7
3878209013	1	5	1	1	4	1	1	8
3878208724	2	6	1	3	4	3	1	1
3878205297	1	7	1	1	4	3	9	1
3878204973	1	8	1	2	1	3	1	4
3878204241	1	6	1	3	1	3	5	7
3878201710	1	2	58	3	5	3	8	3
3878198621	1	7	1	3	4	3	5	8
3878197524	1	6	1	1	4	3	5	4
3878196162	2	6	1	3	1	3	5	6
3878194430	1	2	59	2	4	3	3	4
3878193774	1	1	1	2	1	1	3	6
3878193623	1	6	1	1	4	1	8	4
3878192054	1	2	29	2	5	1	5	7
3878190686	1	1	1	1	4	3	5	1
3878190060	1	1	1	2	4	3	3	9
3878189246	1	2	60	2	5	1	10	3
3878187831	1	6	1	1	5	3	6	4
3878187206	2	1	1	2	4	3	2	9
3878177832	1	1	1	1	1	1	1	6
3878176797	1	4	1	4	3	2	6	2
3878176285	1	4	1	4	3	2	6	2
3878175971	1	1	1	1	5	1	9	1
3878171501	1	3	1	3	1	3	2	3
3878168802	1	6	1	1	4	3	9	3
3878166803	1	6	1	5	4	3	3	3
3878166171	1	2	61	3	4	3	2	5
3878162896	1	2	62	3	1	3	5	5
3878162631	1	2	29	1	1	3	5	1
3878162069	2	5	1	2	2	1	9	5
3878160615	1	2	63	2	4	3	10	6
3878160534	1	3	1	1	4	3	1	3
3878159600	2	6	1	1	5	3	8	4
3878159123	1	1	1	5	1	3	8	4
3878158418	1	1	1	1	4	1	5	5
3878156563	1	2	64	1	1	3	8	5
3878151947	2	2	65	1	5	1	2	8
3878147244	1	5	1	1	5	1	8	6
3878146840	1	5	1	2	2	1	8	4
3878144950	1	5	1	3	1	3	2	10
3878139391	1	7	1	5	5	3	9	7
3878137364	1	2	29	2	4	1	10	2
3878136673	1	2	66	2	4	1	4	5
3878129801	1	5	1	1	4	3	5	4
3878123775	2	5	1	2	5	3	5	5
3878120046	1	1	1	2	1	3	3	5
3878118150	1	2	67	1	4	1	10	1
3878117988	1	3	1	1	4	1	3	7
3878115959	1	3	1	5	4	3	10	7
3878114690	1	2	62	1	5	3	2	8
3878112779	1	3	1	2	5	1	4	1
3878112712	1	2	68	1	4	3	5	7
3878111554	1	6	1	3	5	1	10	5
3878109491	1	1	1	3	2	3	9	7
3878108075	1	2	49	1	1	1	3	1
3878104623	1	1	1	1	4	3	5	8
3878102392	2	6	1	2	4	3	12	5
3878099445	1	6	1	2	2	3	8	6
3878099081	2	3	1	2	2	1	8	6
3878098952	1	3	1	1	2	3	2	7
3878098258	1	2	69	3	4	1	3	4
3878096992	1	2	70	2	5	1	12	3
3878096868	1	2	71	1	5	1	5	8
3878095559	1	3	1	3	2	3	5	3
3878094553	2	5	1	3	2	1	2	2
3878093169	1	3	1	5	5	1	8	10
3878093010	1	5	1	5	4	1	9	1
3878089067	1	1	1	2	2	3	8	8
3878088243	1	1	1	3	2	3	8	7
3878086902	1	1	1	1	4	1	9	5
3878086392	2	5	1	2	2	3	2	5
3878085372	1	2	72	3	5	3	1	8
3878084501	1	6	1	2	1	3	8	3
3878078991	1	5	1	3	1	3	10	5
3878074226	1	5	1	2	5	3	2	1
3878064767	1	6	1	3	5	1	5	5
3878064239	1	3	1	3	5	3	12	9
3878061795	1	5	1	3	5	1	5	8
3878059916	1	3	1	2	4	1	4	7
3878059307	1	1	1	1	5	3	3	7
3878054163	1	1	1	2	5	3	10	1
3878053524	1	2	73	2	2	3	9	7
3878052764	1	2	28	3	4	1	4	5
3878052086	1	1	1	1	1	3	3	5
3878048164	1	3	1	2	4	3	1	5
3878044812	1	5	1	1	2	3	9	6
3878044317	2	1	1	1	4	3	9	7
3878043927	1	3	1	1	4	3	2	3
3878043272	2	1	1	2	2	3	5	8
3878042695	1	1	1	1	2	3	4	3
3878041562	1	3	1	1	4	3	5	4
3878040881	1	7	1	3	4	3	9	3
3878040492	1	6	1	2	1	3	2	5
3878040326	1	6	1	2	1	3	1	7
3878038987	1	3	1	1	4	3	9	8
3878037165	1	2	74	1	1	3	2	6
3878035259	1	6	1	1	5	1	3	5
3878035151	1	2	10	2	1	3	10	7
3878035092	1	6	1	1	1	3	5	1
3878034412	1	6	1	3	5	3	8	6
3878033239	1	1	1	1	2	3	9	7
3878032634	1	5	1	2	2	3	8	8
3878032607	1	1	1	1	5	3	9	5
3878032087	1	6	1	1	4	3	9	3
3878031030	1	2	75	2	1	3	9	7
3878023139	2	6	1	1	2	3	7	1
3878020495	2	2	76	3	4	3	4	3
3878020282	1	7	1	1	5	3	3	9
3878019960	1	5	1	3	1	3	3	7
3878019423	1	6	1	1	5	3	10	1
3878018322	1	7	1	2	5	1	2	7
3878018310	1	3	1	1	5	1	12	9
3878016803	1	2	55	1	5	3	2	5
3878014756	1	6	1	2	4	3	2	7
3878013956	1	2	29	1	2	3	2	1
3878012449	1	6	1	2	4	1	1	5
3878010983	1	7	1	2	4	3	2	5
3878010950	1	5	1	5	5	1	5	5
3878010904	1	6	1	3	5	3	2	4
3878010376	1	1	1	3	1	3	3	7
3878009694	1	3	1	1	5	1	5	5
3878009691	1	5	1	3	1	3	5	5
3878009582	1	2	77	3	4	1	2	5
3878009488	1	5	1	3	5	3	7	5
3878008863	1	7	1	2	5	1	2	8
3878007018	1	1	1	1	5	1	10	1
3878005790	1	5	1	1	2	3	8	8
3878001706	1	1	1	1	2	3	3	7
3877999985	2	5	1	3	4	3	3	5
3877998847	1	2	49	2	5	1	2	1
3877998797	1	3	1	1	2	3	8	4
3877997607	1	3	1	1	2	3	2	7
3877996677	2	6	1	3	5	1	1	4
3877995949	1	3	1	5	4	3	9	5
3877995873	1	3	1	1	4	1	1	7
3877994295	2	3	1	2	2	3	2	1
3877993115	2	6	1	3	2	3	8	1
3877992847	1	1	1	2	4	1	2	5
3877992331	1	3	1	3	5	3	2	6
3877991281	1	1	1	1	4	3	5	4
3877990551	1	6	1	1	5	3	2	9
3877989849	1	3	1	1	5	1	12	8
3877989016	1	2	6	3	5	1	1	4
3877986851	1	1	1	1	4	3	12	7
3877984798	2	1	1	3	2	3	8	1
3877983130	1	1	1	2	2	3	5	4
3877983122	1	3	1	1	4	1	11	4
3877982615	1	2	5	1	5	3	5	1
3877982204	2	5	1	5	2	3	5	3
3877981227	1	6	1	2	4	3	12	5
3877981098	1	2	78	1	1	3	9	3
3877980492	1	2	78	2	4	3	2	5
3877980484	2	1	1	5	2	3	7	5
3877980051	1	1	1	3	2	3	5	4
3877977794	1	3	1	1	4	1	3	3
3877976383	1	2	79	1	2	3	2	10
3877975104	1	3	1	2	3	2	6	2
3877973396	1	8	1	3	5	1	2	3
3877969129	1	2	80	1	4	3	2	1
3877968802	1	7	1	2	5	3	3	5
3877966982	1	1	1	2	2	3	10	9
3877965710	1	2	81	1	4	3	3	8
3877965544	1	6	1	3	5	1	9	8
3877961612	1	1	1	1	2	3	8	1
3877960106	2	5	1	5	2	3	5	5
3877958234	2	2	82	2	4	3	3	8
3877957277	1	5	1	1	4	3	2	10
3877955881	2	6	1	3	4	3	12	4
3877955839	1	6	1	1	2	3	8	3
3877955798	1	1	1	1	5	1	1	6
3877954334	1	1	1	3	4	3	11	3
3877953647	1	5	1	1	5	3	9	5
3877950102	1	1	1	1	5	3	2	7
3877949696	1	1	1	3	1	3	2	1
3877949284	1	3	1	1	5	1	3	8
3877948332	1	6	1	1	4	3	5	3
3877946979	1	2	83	3	1	3	4	5
3877946354	1	6	1	3	5	1	10	5
3877945582	1	5	1	1	4	3	2	1
3877943483	2	6	1	3	4	3	9	1
3877943300	1	5	1	1	2	3	8	9
3877942496	2	6	1	2	4	3	5	7
3877941352	1	3	1	1	4	1	1	10
3877941272	2	4	1	4	3	2	6	2
3877941245	1	5	1	2	1	3	1	3
3877939977	1	3	1	1	5	3	1	4
3877939933	1	3	1	1	4	1	12	7
3877939431	1	2	84	1	2	3	5	5
3877937093	1	5	1	1	2	3	2	4
3877936279	1	2	29	1	5	3	2	7
3877934942	1	4	1	4	3	2	6	2
3877934726	1	8	1	2	4	3	9	5
3877934192	1	1	1	1	4	3	10	8
3877934039	1	3	1	1	4	3	11	4
3877934025	1	2	29	2	4	3	5	3
3877933879	1	6	1	3	5	1	2	10
3877933017	1	2	85	1	4	1	9	7
3877930386	1	5	1	1	2	3	8	5
3877930133	1	6	1	1	5	3	2	1
3877926515	1	6	1	2	2	3	7	9
3877926252	1	8	1	3	5	1	10	4
3877922131	1	3	1	2	4	3	7	7
3877921800	1	5	1	2	5	1	12	5
3877921461	2	6	1	1	4	3	9	1
3877920147	2	5	1	3	1	3	9	3
3877919152	1	6	1	2	5	3	12	7
3877918818	2	1	1	2	2	3	4	5
3877916763	1	2	83	1	5	1	12	6
3877914049	1	5	1	1	4	3	10	10
3877912517	1	9	1	1	5	1	9	4
3877911586	1	6	1	2	5	3	2	9
3877906211	1	2	86	2	1	3	2	7
3877905346	2	6	1	3	4	3	4	8
3877904337	1	1	1	1	4	1	9	4
3877903810	2	6	1	1	4	3	2	7
3877903803	1	7	1	1	4	3	2	5
3877903037	1	2	25	2	1	3	2	1
3877902471	2	3	1	3	2	3	2	1
3877902073	1	2	87	3	4	1	2	5
3877901837	1	5	1	3	5	3	9	7
3877897238	1	2	12	1	4	3	9	1
3877896109	1	8	1	3	5	3	10	5
3877893918	1	6	1	1	5	1	9	10
3877893684	1	5	1	1	5	3	5	5
3877893604	1	5	1	2	2	3	2	4
3877890420	1	6	1	2	4	3	3	5
3877890013	2	2	88	3	1	3	12	5
3877889922	1	2	89	3	5	1	1	1
3877885176	1	1	1	1	2	3	9	7
3877885125	1	1	1	2	1	3	5	6
3877885019	1	6	1	2	5	3	2	4
3877884613	1	3	1	1	4	3	1	5
3877884192	2	6	1	3	5	3	5	5
3877880332	2	6	1	3	1	3	5	7
3877877032	1	2	90	1	2	3	12	5
3877874628	1	2	55	3	5	3	2	7
3877873676	1	8	1	3	4	1	5	10
3877871653	1	2	91	1	4	3	4	7
3877871578	1	6	1	1	2	3	7	7
3877871132	1	2	92	3	2	3	7	4
3877870133	1	1	1	2	5	3	1	4
3877870026	1	1	1	2	5	1	3	3
3877869125	1	3	1	1	2	3	5	1
3877867553	1	2	28	2	5	3	5	8
3877865436	1	6	1	1	4	3	12	5
3877864574	2	7	1	2	4	3	12	5
3877862817	1	5	1	3	4	3	2	8
3877862354	1	2	93	1	4	3	1	1
3877861603	1	1	1	2	2	3	1	1
3877860767	1	6	1	2	4	1	8	4
3877860097	2	6	1	2	5	3	5	5
3877860035	2	1	1	5	1	3	12	8
3877859415	1	6	1	2	4	3	8	6
3877857384	1	1	1	1	4	3	1	1
3877857065	2	5	1	5	1	3	9	2
3877856635	1	6	1	1	1	3	1	4
3877856424	1	2	94	2	2	3	2	3
3877856090	1	1	1	2	1	1	5	7
3877855838	2	3	1	1	1	3	3	5
3877854283	1	1	1	1	4	3	9	1
3877854113	1	3	1	1	4	1	1	6
3877853409	1	2	20	1	4	1	3	7
3877851546	1	3	1	1	4	3	5	10
3877851313	1	3	1	2	5	3	2	8
3877850546	1	1	1	3	2	3	7	3
3877849360	1	1	1	1	2	3	2	9
3877849287	1	6	1	3	4	1	2	5
3877844428	1	6	1	1	5	3	5	7
3877840278	1	2	95	1	5	3	5	5
3877839221	1	3	1	1	5	1	1	1
3877838876	1	2	96	2	1	3	11	7
3877838258	1	3	1	2	2	3	5	7
3877835456	1	6	1	2	5	3	12	4
3877834333	1	1	1	3	5	3	1	7
3877833661	1	7	1	1	5	3	2	1
3877833303	1	6	1	1	5	3	2	3
3877831288	2	5	1	2	1	3	2	1
3877829146	1	1	1	1	1	3	4	7
3877828834	1	3	1	3	1	3	2	4
3877828401	1	1	1	1	2	3	2	3
3877828113	1	7	1	2	5	1	10	7
3877825838	1	6	1	2	5	3	12	5
3877825768	1	1	1	1	5	1	3	1
3877825397	1	1	1	5	5	3	4	5
3877825092	1	5	1	5	4	3	9	3
3877825091	1	3	1	5	4	3	8	9
3877823647	1	6	1	3	5	3	8	4
3877823634	2	6	1	5	5	1	1	8
3877823022	1	3	1	5	5	3	8	8
3877822759	1	1	1	2	2	3	7	7
3877821639	2	6	1	1	4	3	3	4
3877821152	1	3	1	2	2	3	2	9
3877820317	2	8	1	2	1	3	2	1
3877817207	1	2	45	1	5	3	4	9
3877815508	1	3	1	2	5	3	3	5
3877813621	1	1	1	1	2	3	7	3
3877813587	2	6	1	2	2	3	2	1
3877813322	1	6	1	1	5	1	5	5
3877812497	2	6	1	2	2	3	2	6
3877806850	1	6	1	1	4	3	10	3
3877806666	2	2	97	5	4	3	2	5
3877804843	1	1	1	1	4	3	5	1
3877803376	2	2	98	2	1	3	1	5
3877803055	1	6	1	3	2	3	1	7
3877800395	1	1	1	2	2	3	7	5
3877799311	1	2	31	1	4	3	3	1
3877795231	1	3	1	2	5	1	3	5
3877794938	1	1	1	3	2	3	7	6
3877794732	1	6	1	2	4	1	7	1
3877793419	1	6	1	5	5	1	4	7
3877792799	1	5	1	2	5	1	3	10
3877791725	1	1	1	1	4	3	1	7
3877791459	1	2	45	1	1	3	2	7
3877791359	2	5	1	5	5	3	2	5
3877791126	1	1	1	2	2	3	7	5
3877789580	1	5	1	1	4	3	2	4
3877789311	1	6	1	1	5	1	12	7
3877788831	1	2	5	2	5	3	9	7
3877788097	1	3	1	3	1	3	5	1
3877785851	1	2	99	2	5	3	2	1
3877783718	1	7	1	1	5	1	2	7
3877783251	1	2	12	3	5	1	2	7
3877781305	1	6	1	3	5	1	5	3
3877781123	1	8	1	1	4	1	11	9
3877779376	1	2	100	2	1	3	5	1
3877778622	1	6	1	2	1	3	5	6
3877777746	1	2	101	1	2	3	9	9
3877775605	1	6	1	1	5	3	9	8
3877775230	2	6	1	1	4	3	2	7
3877775208	1	6	1	1	5	1	3	1
3877771309	1	6	1	1	1	3	9	7
3877771155	1	2	102	1	5	3	1	4
3877769359	2	1	1	2	2	3	5	1
3877768869	1	2	103	2	2	3	4	3
3877767444	1	1	1	1	4	3	2	6
3877767366	1	5	1	1	5	1	3	3
3877764882	1	6	1	2	5	3	9	4
3877762163	1	6	1	1	4	1	5	4
3877760068	2	2	104	2	1	3	12	5
3877755586	1	6	1	2	5	1	8	5
3877755146	1	3	1	2	5	1	1	6
3877754981	1	6	1	1	4	1	1	3
3877754345	1	6	1	3	5	3	2	3
3877754281	1	2	103	1	4	3	11	5
3877752751	1	1	1	2	4	3	8	5
3877751637	1	1	1	1	2	3	9	5
3877750962	1	6	1	5	4	3	1	10
3877750724	2	3	1	1	1	3	5	10
3877748205	2	5	1	2	2	3	8	9
3877747724	1	1	1	1	2	3	8	7
3877746061	1	1	1	3	1	3	7	10
3877744514	1	3	1	1	2	3	8	7
3877744055	1	7	1	3	5	1	2	5
3877743862	1	2	5	1	4	3	2	1
3877741292	2	1	1	2	2	3	1	7
3877740013	2	2	105	1	2	3	10	7
3877739642	1	1	1	1	2	3	5	9
3877739070	2	6	1	5	5	1	3	7
3877737885	1	5	1	3	5	1	9	7
3877735171	1	5	1	1	4	1	10	8
3877732662	2	6	1	2	4	3	8	10
3877732160	1	2	106	2	1	3	4	4
3877731939	1	3	1	5	4	1	3	5
3877729075	1	3	1	1	4	3	3	2
3877728804	1	1	1	1	5	1	12	5
3877728487	1	3	1	3	2	3	5	3
3877728042	1	1	1	5	4	3	2	4
3877727777	1	1	1	1	4	3	3	6
3877726824	2	6	1	3	4	3	2	1
3877724934	2	3	1	3	5	3	5	6
3877723968	1	5	1	2	5	1	2	6
3877723964	2	5	1	3	1	3	5	5
3877723322	1	2	14	3	4	1	4	9
3877722749	1	6	1	1	2	3	5	7
3877721796	1	6	1	3	4	3	2	1
3877721262	1	2	107	1	1	3	9	7
3877720994	1	1	1	1	1	3	10	3
3877720618	1	2	29	2	2	3	2	3
3877719327	1	6	1	2	1	3	3	3
3877715614	1	5	1	5	1	3	1	8
3877714285	2	6	1	2	5	1	2	10
3877713514	1	1	1	2	2	3	7	8
3877710759	1	6	1	2	5	1	9	3
3877709429	2	1	1	2	2	3	1	1
3877709396	1	6	1	3	1	3	9	3
3877709203	2	5	1	2	1	3	9	1
3877705805	1	3	1	1	1	3	3	1
3877705747	2	3	1	1	1	3	5	7
3877705621	2	5	1	3	2	3	2	5
3877705489	1	1	1	1	2	1	1	8
3877705171	1	3	1	1	5	3	1	5
3877705053	1	3	1	2	1	3	8	7
3877703334	1	3	1	5	2	3	8	8
3877702652	1	2	108	1	2	3	2	4
3877699575	1	6	1	2	4	3	10	6
3877698507	2	1	1	3	2	3	2	1
3877696556	1	8	1	3	5	1	2	7
3877694816	1	2	76	5	5	1	10	10
3877693629	1	3	1	3	5	1	1	3
3877693173	1	1	1	3	1	3	10	8
3877691632	1	6	1	3	1	3	3	10
3877689877	2	1	1	2	2	3	9	4
3877689618	1	3	1	2	5	3	9	8
3877689598	1	1	1	1	4	3	4	1
3877688523	1	3	1	1	1	3	12	5
3877686918	2	6	1	2	4	3	5	4
3877686413	1	3	1	2	2	3	9	8
3877685833	1	6	1	1	4	1	3	1
3877685611	2	5	1	1	2	3	8	1
3877685103	2	1	1	2	1	3	3	8
3877684867	1	1	1	1	2	3	1	1
3877682778	1	3	1	1	2	1	2	4
3877682733	2	7	1	2	4	1	1	1
3877679711	1	6	1	2	5	1	1	10
3877679528	1	6	1	1	5	3	5	10
3877675285	1	6	1	2	5	1	9	6
3877674431	2	1	1	3	2	3	11	9
3877673406	1	2	109	2	2	3	5	4
3877673386	1	6	1	1	5	3	11	5
3877671160	2	2	110	2	4	3	5	5
3877668804	1	1	1	2	2	3	8	2
3877668573	1	2	111	1	2	3	7	9
3877668518	1	1	1	1	2	3	12	9
3877668411	1	3	1	2	1	3	4	9
3877666795	1	6	1	2	4	3	5	7
3877666179	1	5	1	2	5	3	2	4
3877665489	1	2	20	2	4	3	5	7
3877661347	1	8	1	2	5	1	9	8
3877660370	1	2	112	1	5	3	10	4
3877660042	1	1	1	5	2	3	5	4
3877656203	1	3	1	2	4	1	1	5
3877654524	1	5	1	3	2	3	2	2
3877654523	1	2	29	1	4	1	9	1
3877653871	1	2	20	1	4	3	10	1
3877653260	1	6	1	2	5	3	10	4
3877652718	1	6	1	3	5	3	2	8
3877652362	1	2	113	1	5	3	5	5
3877651261	1	1	1	1	4	3	10	1
3877650432	2	1	1	3	2	3	2	1
3877649523	1	2	25	3	2	3	8	7
3877649260	1	6	1	3	4	3	1	5
3877648807	2	1	1	2	1	3	10	1
3877648261	1	7	1	2	4	3	12	9
3877648193	1	5	1	1	1	3	5	4
3877647762	1	6	1	1	1	3	9	7
3877647733	1	1	1	1	5	1	10	5
3877647589	1	5	1	1	2	3	5	7
3877647198	1	6	1	3	4	3	5	3
3877646688	1	1	1	3	1	3	2	1
3877646493	1	7	1	3	4	3	9	6
3877646443	1	6	1	2	4	3	11	1
3877644027	1	3	1	3	4	1	9	1
3877642069	1	1	1	2	1	3	2	1
3877640956	1	2	55	1	4	3	2	7
3877640569	1	2	94	3	2	3	7	3
3877640059	1	6	1	5	5	3	8	10
3877639651	1	1	1	1	1	3	12	5
3877639599	1	5	1	2	5	1	5	4
3877639207	1	3	1	1	4	3	4	3
3877638685	1	2	114	1	4	1	5	9
3877638200	2	1	1	5	2	3	2	6
3877637740	1	2	35	1	2	3	8	10
3877637463	1	1	1	3	4	1	10	9
3877637448	1	2	115	3	5	3	2	4
3877637119	2	1	1	3	2	3	11	2
3877635198	1	1	1	1	1	3	2	7
3877635161	1	5	1	1	1	3	8	9
3877633592	2	6	1	2	2	3	2	7
3877633421	1	2	45	3	1	3	3	8
3877632920	1	2	116	2	1	3	1	6
3877632727	1	3	1	2	4	3	2	5
3877631626	1	3	1	2	1	3	3	5
3877630928	1	8	1	1	2	3	2	4
3877627989	1	6	1	1	5	1	2	8
3877627031	1	5	1	1	2	3	2	9
3877626831	1	9	1	5	4	3	2	5
3877626301	2	2	55	2	2	3	2	8
3877625001	1	5	1	1	1	3	9	5
3877624927	1	5	1	2	1	3	2	5
3877623695	1	1	1	1	2	3	2	3
3877623020	2	1	1	2	1	3	1	4
3877622336	2	2	117	1	4	3	10	5
3877622039	1	3	1	2	2	3	2	6
3877621290	1	1	1	1	5	3	9	6
3877620916	2	2	118	2	1	3	1	7
3877620216	1	5	1	3	5	3	10	8
3877619244	1	6	1	3	5	3	5	3
3877618703	1	1	1	1	4	3	10	1
3877617187	1	2	45	5	5	3	9	9
3877617097	1	6	1	5	1	3	1	8
3877615523	1	1	1	2	4	3	1	8
3877614060	1	2	14	1	2	3	2	3
3877613803	1	3	1	1	2	3	5	3
3877613602	2	4	1	4	3	2	6	2
3877612849	1	5	1	2	5	3	4	5
3877612172	1	6	1	3	4	3	1	10
3877611589	1	5	1	2	5	3	2	10
3877611244	1	5	1	2	4	1	9	10
3877608503	2	6	1	2	4	1	3	1
3877608111	1	3	1	1	4	3	9	4
3877607322	1	6	1	3	4	3	12	5
3877606832	2	1	1	3	2	3	7	8
3877606205	1	2	12	1	4	1	2	1
3877606053	1	7	1	2	5	3	9	1
3877605415	1	6	1	3	1	3	5	9
3877605085	1	2	119	1	2	3	1	1
3877604945	1	6	1	1	4	3	7	8
3877604719	1	5	1	2	4	3	2	6
3877603245	1	1	1	3	1	3	9	8
3877602149	1	2	5	1	5	1	11	7
3877602108	1	3	1	1	1	3	1	10
3877601790	1	1	1	1	1	3	9	4
3877600406	1	3	1	5	2	3	5	1
3877599363	1	1	1	1	5	1	5	7
3877599184	2	5	1	3	1	3	12	1
3877598945	1	3	1	1	1	3	12	4
3877598520	1	6	1	3	4	1	3	7
3877595167	1	1	1	1	5	3	9	7
3877594682	1	8	1	2	5	1	5	7
3877592670	1	6	1	1	4	3	11	3
3877591670	1	3	1	1	4	3	1	4
3877591495	1	6	1	3	1	3	9	6
3877591297	2	1	1	2	4	3	12	5
3877586222	1	2	5	1	1	3	3	6
3877585955	1	1	1	2	1	3	2	9
3877584768	1	2	120	1	4	3	9	4
3877584496	2	2	121	3	1	3	8	3
3877580938	1	7	1	2	4	3	5	8
3877579781	1	3	1	3	1	1	5	10
3877579062	1	3	1	3	4	3	9	5
3877576778	2	6	1	1	4	3	8	7
3877573011	1	6	1	5	4	3	5	10
3877572488	1	2	122	1	1	3	12	1
3877572480	2	1	1	1	2	3	3	1
3877571848	2	1	1	2	4	3	3	7
3877568315	1	3	1	3	1	3	5	1
3877568116	2	5	1	3	5	3	3	4
3877568054	1	3	1	1	4	3	2	5
3877568053	1	1	1	1	1	3	2	1
3877566926	1	6	1	2	5	3	2	5
3877551536	2	4	1	4	3	2	6	2
3877548893	1	4	1	4	3	2	6	2